<!DOCTYPE html>
<!--[if lt IE 7]>      <html class="no-js lt-ie9 lt-ie8 lt-ie7"> <![endif]-->
<!--[if IE 7]>         <html class="no-js lt-ie9 lt-ie8"> <![endif]-->
<!--[if IE 8]>         <html class="no-js lt-ie9"> <![endif]-->
<!--[if gt IE 8]><!-->
<html class="no-js">
<!--<![endif]-->
<html lang="en">
<head>
<meta charset="utf-8">
<meta http-equiv="X-UA-Compatible" content="IE=edge">
<meta name="viewport" content="width=device-width, initial-scale=1">
<meta name="description" content="">
<meta name="author" content="">

<title>LD Link Toolset</title>
<!--
<script	src="http://ajax.googleapis.com/ajax/libs/jquery/1.11.1/jquery.min.js"></script>
-->
<!-- need to keep this before jquery -->
<script src="http://cdn.pydata.org/bokeh-0.6.1.min.js"></script>

<script
	src="http://ajax.googleapis.com/ajax/libs/jquery/1.11.1/jquery.js"></script>
<script
	src="http://maxcdn.bootstrapcdn.com/bootstrap/3.2.0/js/bootstrap.min.js"></script>
<!--
<script	src="//cdn.datatables.net/plug-ins/380cb78f450/integration/bootstrap/3/dataTables.bootstrap.js"></script>
-->
<script
	src="http://cdnjs.cloudflare.com/ajax/libs/modernizr/2.8.3/modernizr.min.js"></script>
<script
	src="http://cdnjs.cloudflare.com/ajax/libs/knockout/3.1.0/knockout-min.js"></script>

<script src="LDlink.js"></script>

<link rel="stylesheet"
	href="http://maxcdn.bootstrapcdn.com/bootstrap/3.2.0/css/bootstrap.min.css">
<link rel="stylesheet"
	href="http://maxcdn.bootstrapcdn.com/bootstrap/3.2.0/css/bootstrap-theme.min.css">
<link rel="stylesheet" href="http://cdn.pydata.org/bokeh-0.6.1.css">
	
<!--
<link rel="stylesheet" href="http://cdn.datatables.net/plug-ins/380cb78f450/integration/bootstrap/3/dataTables.bootstrap.css">
-->

<link rel="stylesheet" href="../common/css/font-awesome.css" />

<!-- Include the multiselect plugin's CSS and JS: -->
<script type="text/javascript"
	src="../common/js/bootstrap-multiselect.js"></script>
<link rel="stylesheet" href="../common/css/bootstrap-multiselect.css"
	type="text/css" />
<link rel="stylesheet" href="../common/css/style.css" />
<link rel="stylesheet" href="LDlink.css" />

</head>

<body role="document">
	<!--[if lt IE 7]>
            <p class="browsehappy">You are using an <strong>outdated</strong> browser. Please <a href="http://browsehappy.com/">upgrade your browser</a> to improve your experience.</p>
        <![endif]-->

	<div id="logos">
		<div id="left">
			<a href="http://www.cancer.gov" target="_blank"><img
				src="/common/images/nci.jpg" width="286" height="40" border="0"
				alt="National Cancer Institute" title="National Cancer Institute" /></a>
		</div>
		<div id="right">
			<a href="http://www.cancer.gov" target="_blank"><img
				src="/common/images/nih.jpg" width="322" height="40" border="0"
				alt="at the National Institutes of Health"
				title="at the National Institutes of Health" /></a>
		</div>
	</div>

	<div class="container theme-showcase" role="main">

		<div id="banners">
			<div id="left">
				<img src="LDlink_logo.png" alt="Logo for the LDlink tool"
					height="60" />
			</div>
			<div id="right">
				<!-- ../common/images/DCEG-LTG_banner.png -->
				<!-- NCI-translational-genomics.png -->
				<!-- DCEG-BB-HREB.png -->
				<img src="../common/images/DCEG-LTG_banner.png"
					alt="Banner for NCI Division of Cancer Epidemiology & Genetics, Laboratory of Translational Genomics"
					height="60" />
			</div>
		</div>
		<br>
		<!-- Main Menu Tabs -->
		<ul id="ldlink-tabs" class="nav nav-tabs responsive">
			<li class="active"><a href="#home" data-toggle="tab">Home</a></li>
			<li><a href="#ldhap" data-url="ldhap.html" loaded="false"
				data-toggle="tab">LDhap</a></li>
			<li><a href="#ldmatrix" 
				data-toggle="tab">LDmatrix</a></li>
			<li><a href="#ldpair" data-url="ldpair.html" loaded="false"
				data-toggle="tab">LDpair</a></li>
			<li><a href="#ldproxy"
				data-toggle="tab">LDproxy</a></li>
		</ul>
		<!-- Tab Content -->
		<div class="tab-content">
			<div class="tab-pane active" id="home">
				<h3>Welcome to LDlink!</h3>
				<p>LDlink is a suite of web-based applications designed to
					easily and efficiently interrogate linkage disequilibrium in
					population groups. All population genotype data originates from
					Phase 3 of the 1000 Genomes Project and SNP rsnumbers are indexed
					based on dbSNP build 138. Only unambiguously mapping bi-allelic
					SNPs are permitted as input. LDlink includes the following
					components:</p>
				<ul>
					<li><b>LDhap</b>: Calculate population specific haplotype
						frequencies of all haplotypes observed for a list of query SNPs.
						Input is a list of SNP rsnumbers (one per line) and a population
						group.<br> <br></li>
					<li><b>LDmatrix</b>: Create interactive heat maps of pairwise
						linkage disequilibrium statistics. Input is a list of SNP
						rsnumbers (one per line) and a population group.<br> <br></li>
					<li><b>LDpair</b>: Investigate correlated alleles for SNPs in
						high LD. Input is two rsnumbers and a population group. <br>
						<br></li>
					<li><b>LDproxy</b>: Interactively explore proxy and putatively
						functional SNPs for a query SNP. Input is an rsnumber and a
						population group.<br> <br></li>
				</ul>
				<p>
					If you find our tool useful, please kindly cite our paper (Machiela
					et al. Journal 2015). Questions or comments? Contact us via <a
						title="Support">email</a>.
				</p>
				<p>LDlink was developed by Mitchell Machiela in collaboration
					with NCI's Center for Biomedical Informatics and Information
					Technology (CBIIT). Support comes from the Division of Cancer
					Epidemiology and Genetics Informatics Tool Challenge.</p>
			</div>
			<div class="tab-pane fade" id="ldhap"></div>
			<div class="tab-pane fade" id="ldmatrix">
			<script type="text/javascript">
    $(function() {
        var modelid = "8d1e0518-9c30-4960-8cae-f0f399e0aae0";
        var modeltype = "Plot";
        var elementid = "6eef33c1-18f1-4785-9e8d-ec8f0d58044c";
        Bokeh.logger.info("Realizing plot:")
        Bokeh.logger.info(" - modeltype: Plot");
        Bokeh.logger.info(" - modelid: 8d1e0518-9c30-4960-8cae-f0f399e0aae0");
        Bokeh.logger.info(" - elementid: 6eef33c1-18f1-4785-9e8d-ec8f0d58044c");
        var all_models = [{"attributes": {"factors": ["rs2980860", "rs66614050", "rs34417638", "rs12679184", "rs4567057", "rs4567059", "rs4592055", "rs12545963", "rs7828194", "rs13265432", "rs12544593", "rs17406109", "rs2954019", "rs7015677", "rs34604874", "rs12679547", "rs55709232", "rs6988140", "rs2235108", "rs4360309", "rs2980883", "rs6470361", "rs6987702", "rs2980854", "rs2980855", "rs2980856", "rs6999569", "rs17321515"], "doc": null, "tags": [], "id": "bfd9f8fe-dd18-45c7-bc80-b6bd669df96b"}, "type": "FactorRange", "id": "bfd9f8fe-dd18-45c7-bc80-b6bd669df96b"}, {"attributes": {"tags": [], "doc": null, "id": "aa6d640e-cce5-466d-9d7f-aa86caba9627", "num_minor_ticks": 5}, "type": "CategoricalTicker", "id": "aa6d640e-cce5-466d-9d7f-aa86caba9627"}, {"attributes": {"plot": {"type": "Plot", "id": "8d1e0518-9c30-4960-8cae-f0f399e0aae0"}, "tags": [], "doc": null, "id": "1172cd2e-7473-44ed-a34a-29585a61ff5c"}, "type": "PreviewSaveTool", "id": "1172cd2e-7473-44ed-a34a-29585a61ff5c"}, {"attributes": {"doc": null, "id": "90e8e997-78b1-46b2-b9f1-415f5579c27a", "tags": []}, "type": "CategoricalTickFormatter", "id": "90e8e997-78b1-46b2-b9f1-415f5579c27a"}, {"attributes": {"plot": {"type": "Plot", "id": "8d1e0518-9c30-4960-8cae-f0f399e0aae0"}, "major_tick_line_color": null, "tags": [], "ticker": {"type": "CategoricalTicker", "id": "7f3c42c8-fb06-4626-82f7-50eab9b61d52"}, "axis_line_color": null, "major_label_standoff": 0, "doc": null, "major_label_text_font_style": "normal", "major_label_orientation": "vertical", "formatter": {"type": "CategoricalTickFormatter", "id": "370b65d5-17d3-47db-96ba-9d13655b38c2"}, "major_label_text_font_size": "13pt", "id": "2bff9617-04a3-4e0a-8121-1758bcfb6384"}, "type": "CategoricalAxis", "id": "2bff9617-04a3-4e0a-8121-1758bcfb6384"}, {"attributes": {"plot": {"type": "Plot", "id": "8d1e0518-9c30-4960-8cae-f0f399e0aae0"}, "grid_line_color": null, "tags": [], "doc": null, "id": "2c30c5ce-0d4e-40ba-87e1-1f410bb71d49", "ticker": {"type": "CategoricalTicker", "id": "aa6d640e-cce5-466d-9d7f-aa86caba9627"}, "dimension": 1}, "type": "Grid", "id": "2c30c5ce-0d4e-40ba-87e1-1f410bb71d49"}, {"attributes": {"tags": [], "doc": null, "id": "7f3c42c8-fb06-4626-82f7-50eab9b61d52", "num_minor_ticks": 5}, "type": "CategoricalTicker", "id": "7f3c42c8-fb06-4626-82f7-50eab9b61d52"}, {"attributes": {"x_range": {"type": "FactorRange", "id": "bfd9f8fe-dd18-45c7-bc80-b6bd669df96b"}, "right": [], "data_sources": [], "tools": [{"type": "HoverTool", "id": "6ece475e-cc27-4e3f-bf68-d60b1b6d8eba"}, {"type": "PreviewSaveTool", "id": "1172cd2e-7473-44ed-a34a-29585a61ff5c"}], "title": " ", "extra_y_ranges": {}, "plot_width": 800, "outline_line_color": "white", "renderers": [{"type": "CategoricalAxis", "id": "2bff9617-04a3-4e0a-8121-1758bcfb6384"}, {"type": "Grid", "id": "d0259836-2a38-453e-9cd2-dcb4a131c954"}, {"type": "CategoricalAxis", "id": "b236421a-ea57-471e-b25f-09455b840328"}, {"type": "Grid", "id": "2c30c5ce-0d4e-40ba-87e1-1f410bb71d49"}, {"type": "Glyph", "id": "68bef8a1-e101-44c8-be33-04f0b4a6f4d7"}], "plot_height": 800, "extra_x_ranges": {}, "above": [{"type": "CategoricalAxis", "id": "2bff9617-04a3-4e0a-8121-1758bcfb6384"}], "doc": null, "id": "8d1e0518-9c30-4960-8cae-f0f399e0aae0", "y_range": {"type": "FactorRange", "id": "4b19004f-f65c-40ad-9a6a-6711dfb6fbf2"}, "below": [], "tags": [], "left": [{"type": "CategoricalAxis", "id": "b236421a-ea57-471e-b25f-09455b840328"}]}, "type": "Plot", "id": "8d1e0518-9c30-4960-8cae-f0f399e0aae0"}, {"attributes": {"doc": null, "id": "370b65d5-17d3-47db-96ba-9d13655b38c2", "tags": []}, "type": "CategoricalTickFormatter", "id": "370b65d5-17d3-47db-96ba-9d13655b38c2"}, {"attributes": {"column_names": ["xpos", "corA", "R2", "yA", "xA", "ypos", "yname", "xname", "Dp"], "tags": [], "doc": null, "selected": [], "discrete_ranges": {}, "cont_ranges": {}, "data": {"xpos": ["chr8:126485337", "chr8:126485337", "chr8:126485337", "chr8:126485337", "chr8:126485337", "chr8:126485337", "chr8:126485337", "chr8:126485337", "chr8:126485337", "chr8:126485337", "chr8:126485337", "chr8:126485337", "chr8:126485337", "chr8:126485337", "chr8:126485337", "chr8:126485337", "chr8:126485337", "chr8:126485337", "chr8:126485337", "chr8:126485337", "chr8:126485337", "chr8:126485337", "chr8:126485337", "chr8:126485337", "chr8:126485337", "chr8:126485337", "chr8:126485337", "chr8:126485337", "chr8:126480526", "chr8:126480526", "chr8:126480526", "chr8:126480526", "chr8:126480526", "chr8:126480526", "chr8:126480526", "chr8:126480526", "chr8:126480526", "chr8:126480526", "chr8:126480526", "chr8:126480526", "chr8:126480526", "chr8:126480526", "chr8:126480526", "chr8:126480526", "chr8:126480526", "chr8:126480526", "chr8:126480526", "chr8:126480526", "chr8:126480526", "chr8:126480526", "chr8:126480526", "chr8:126480526", "chr8:126480526", "chr8:126480526", "chr8:126480526", "chr8:126480526", "chr8:126488574", "chr8:126488574", "chr8:126488574", "chr8:126488574", "chr8:126488574", "chr8:126488574", "chr8:126488574", "chr8:126488574", "chr8:126488574", "chr8:126488574", "chr8:126488574", "chr8:126488574", "chr8:126488574", "chr8:126488574", "chr8:126488574", "chr8:126488574", "chr8:126488574", "chr8:126488574", "chr8:126488574", "chr8:126488574", "chr8:126488574", "chr8:126488574", "chr8:126488574", "chr8:126488574", "chr8:126488574", "chr8:126488574", "chr8:126488574", "chr8:126488574", "chr8:126487511", "chr8:126487511", "chr8:126487511", "chr8:126487511", "chr8:126487511", "chr8:126487511", "chr8:126487511", "chr8:126487511", "chr8:126487511", "chr8:126487511", "chr8:126487511", "chr8:126487511", "chr8:126487511", "chr8:126487511", "chr8:126487511", "chr8:126487511", "chr8:126487511", "chr8:126487511", "chr8:126487511", "chr8:126487511", "chr8:126487511", "chr8:126487511", "chr8:126487511", "chr8:126487511", "chr8:126487511", "chr8:126487511", "chr8:126487511", "chr8:126487511", "chr8:126486906", "chr8:126486906", "chr8:126486906", "chr8:126486906", "chr8:126486906", "chr8:126486906", "chr8:126486906", "chr8:126486906", "chr8:126486906", "chr8:126486906", "chr8:126486906", "chr8:126486906", "chr8:126486906", "chr8:126486906", "chr8:126486906", "chr8:126486906", "chr8:126486906", "chr8:126486906", "chr8:126486906", "chr8:126486906", "chr8:126486906", "chr8:126486906", "chr8:126486906", "chr8:126486906", "chr8:126486906", "chr8:126486906", "chr8:126486906", "chr8:126486906", "chr8:126486287", "chr8:126486287", "chr8:126486287", "chr8:126486287", "chr8:126486287", "chr8:126486287", "chr8:126486287", "chr8:126486287", "chr8:126486287", "chr8:126486287", "chr8:126486287", "chr8:126486287", "chr8:126486287", "chr8:126486287", "chr8:126486287", "chr8:126486287", "chr8:126486287", "chr8:126486287", "chr8:126486287", "chr8:126486287", "chr8:126486287", "chr8:126486287", "chr8:126486287", "chr8:126486287", "chr8:126486287", "chr8:126486287", "chr8:126486287", "chr8:126486287", "chr8:126486145", "chr8:126486145", "chr8:126486145", "chr8:126486145", "chr8:126486145", "chr8:126486145", "chr8:126486145", "chr8:126486145", "chr8:126486145", "chr8:126486145", "chr8:126486145", "chr8:126486145", "chr8:126486145", "chr8:126486145", "chr8:126486145", "chr8:126486145", "chr8:126486145", "chr8:126486145", "chr8:126486145", "chr8:126486145", "chr8:126486145", "chr8:126486145", "chr8:126486145", "chr8:126486145", "chr8:126486145", "chr8:126486145", "chr8:126486145", "chr8:126486145", "chr8:126486117", "chr8:126486117", "chr8:126486117", "chr8:126486117", "chr8:126486117", "chr8:126486117", "chr8:126486117", "chr8:126486117", "chr8:126486117", "chr8:126486117", "chr8:126486117", "chr8:126486117", "chr8:126486117", "chr8:126486117", "chr8:126486117", "chr8:126486117", "chr8:126486117", "chr8:126486117", "chr8:126486117", "chr8:126486117", "chr8:126486117", "chr8:126486117", "chr8:126486117", "chr8:126486117", "chr8:126486117", "chr8:126486117", "chr8:126486117", "chr8:126486117", "chr8:126485283", "chr8:126485283", "chr8:126485283", "chr8:126485283", "chr8:126485283", "chr8:126485283", "chr8:126485283", "chr8:126485283", "chr8:126485283", "chr8:126485283", "chr8:126485283", "chr8:126485283", "chr8:126485283", "chr8:126485283", "chr8:126485283", "chr8:126485283", "chr8:126485283", "chr8:126485283", "chr8:126485283", "chr8:126485283", "chr8:126485283", "chr8:126485283", "chr8:126485283", "chr8:126485283", "chr8:126485283", "chr8:126485283", "chr8:126485283", "chr8:126485283", "chr8:126484709", "chr8:126484709", "chr8:126484709", "chr8:126484709", "chr8:126484709", "chr8:126484709", "chr8:126484709", "chr8:126484709", "chr8:126484709", "chr8:126484709", "chr8:126484709", "chr8:126484709", "chr8:126484709", "chr8:126484709", "chr8:126484709", "chr8:126484709", "chr8:126484709", "chr8:126484709", "chr8:126484709", "chr8:126484709", "chr8:126484709", "chr8:126484709", "chr8:126484709", "chr8:126484709", "chr8:126484709", "chr8:126484709", "chr8:126484709", "chr8:126484709", "chr8:126483827", "chr8:126483827", "chr8:126483827", "chr8:126483827", "chr8:126483827", "chr8:126483827", "chr8:126483827", "chr8:126483827", "chr8:126483827", "chr8:126483827", "chr8:126483827", "chr8:126483827", "chr8:126483827", "chr8:126483827", "chr8:126483827", "chr8:126483827", "chr8:126483827", "chr8:126483827", "chr8:126483827", "chr8:126483827", "chr8:126483827", "chr8:126483827", "chr8:126483827", "chr8:126483827", "chr8:126483827", "chr8:126483827", "chr8:126483827", "chr8:126483827", "chr8:126483140", "chr8:126483140", "chr8:126483140", "chr8:126483140", "chr8:126483140", "chr8:126483140", "chr8:126483140", "chr8:126483140", "chr8:126483140", "chr8:126483140", "chr8:126483140", "chr8:126483140", "chr8:126483140", "chr8:126483140", "chr8:126483140", "chr8:126483140", "chr8:126483140", "chr8:126483140", "chr8:126483140", "chr8:126483140", "chr8:126483140", "chr8:126483140", "chr8:126483140", "chr8:126483140", "chr8:126483140", "chr8:126483140", "chr8:126483140", "chr8:126483140", "chr8:126477759", "chr8:126477759", "chr8:126477759", "chr8:126477759", "chr8:126477759", "chr8:126477759", "chr8:126477759", "chr8:126477759", "chr8:126477759", "chr8:126477759", "chr8:126477759", "chr8:126477759", "chr8:126477759", "chr8:126477759", "chr8:126477759", "chr8:126477759", "chr8:126477759", "chr8:126477759", "chr8:126477759", "chr8:126477759", "chr8:126477759", "chr8:126477759", "chr8:126477759", "chr8:126477759", "chr8:126477759", "chr8:126477759", "chr8:126477759", "chr8:126477759", "chr8:126478758", "chr8:126478758", "chr8:126478758", "chr8:126478758", "chr8:126478758", "chr8:126478758", "chr8:126478758", "chr8:126478758", "chr8:126478758", "chr8:126478758", "chr8:126478758", "chr8:126478758", "chr8:126478758", "chr8:126478758", "chr8:126478758", "chr8:126478758", "chr8:126478758", "chr8:126478758", "chr8:126478758", "chr8:126478758", "chr8:126478758", "chr8:126478758", "chr8:126478758", "chr8:126478758", "chr8:126478758", "chr8:126478758", "chr8:126478758", "chr8:126478758", "chr8:126487857", "chr8:126487857", "chr8:126487857", "chr8:126487857", "chr8:126487857", "chr8:126487857", "chr8:126487857", "chr8:126487857", "chr8:126487857", "chr8:126487857", "chr8:126487857", "chr8:126487857", "chr8:126487857", "chr8:126487857", "chr8:126487857", "chr8:126487857", "chr8:126487857", "chr8:126487857", "chr8:126487857", "chr8:126487857", "chr8:126487857", "chr8:126487857", "chr8:126487857", "chr8:126487857", "chr8:126487857", "chr8:126487857", "chr8:126487857", "chr8:126487857", "chr8:126493085", "chr8:126493085", "chr8:126493085", "chr8:126493085", "chr8:126493085", "chr8:126493085", "chr8:126493085", "chr8:126493085", "chr8:126493085", "chr8:126493085", "chr8:126493085", "chr8:126493085", "chr8:126493085", "chr8:126493085", "chr8:126493085", "chr8:126493085", "chr8:126493085", "chr8:126493085", "chr8:126493085", "chr8:126493085", "chr8:126493085", "chr8:126493085", "chr8:126493085", "chr8:126493085", "chr8:126493085", "chr8:126493085", "chr8:126493085", "chr8:126493085", "chr8:126447844", "chr8:126447844", "chr8:126447844", "chr8:126447844", "chr8:126447844", "chr8:126447844", "chr8:126447844", "chr8:126447844", "chr8:126447844", "chr8:126447844", "chr8:126447844", "chr8:126447844", "chr8:126447844", "chr8:126447844", "chr8:126447844", "chr8:126447844", "chr8:126447844", "chr8:126447844", "chr8:126447844", "chr8:126447844", "chr8:126447844", "chr8:126447844", "chr8:126447844", "chr8:126447844", "chr8:126447844", "chr8:126447844", "chr8:126447844", "chr8:126447844", "chr8:126480543", "chr8:126480543", "chr8:126480543", "chr8:126480543", "chr8:126480543", "chr8:126480543", "chr8:126480543", "chr8:126480543", "chr8:126480543", "chr8:126480543", "chr8:126480543", "chr8:126480543", "chr8:126480543", "chr8:126480543", "chr8:126480543", "chr8:126480543", "chr8:126480543", "chr8:126480543", "chr8:126480543", "chr8:126480543", "chr8:126480543", "chr8:126480543", "chr8:126480543", "chr8:126480543", "chr8:126480543", "chr8:126480543", "chr8:126480543", "chr8:126480543", "chr8:126448789", "chr8:126448789", "chr8:126448789", "chr8:126448789", "chr8:126448789", "chr8:126448789", "chr8:126448789", "chr8:126448789", "chr8:126448789", "chr8:126448789", "chr8:126448789", "chr8:126448789", "chr8:126448789", "chr8:126448789", "chr8:126448789", "chr8:126448789", "chr8:126448789", "chr8:126448789", "chr8:126448789", "chr8:126448789", "chr8:126448789", "chr8:126448789", "chr8:126448789", "chr8:126448789", "chr8:126448789", "chr8:126448789", "chr8:126448789", "chr8:126448789", "chr8:126523523", "chr8:126523523", "chr8:126523523", "chr8:126523523", "chr8:126523523", "chr8:126523523", "chr8:126523523", "chr8:126523523", "chr8:126523523", "chr8:126523523", "chr8:126523523", "chr8:126523523", "chr8:126523523", "chr8:126523523", "chr8:126523523", "chr8:126523523", "chr8:126523523", "chr8:126523523", "chr8:126523523", "chr8:126523523", "chr8:126523523", "chr8:126523523", "chr8:126523523", "chr8:126523523", "chr8:126523523", "chr8:126523523", "chr8:126523523", "chr8:126523523", "chr8:126474405", "chr8:126474405", "chr8:126474405", "chr8:126474405", "chr8:126474405", "chr8:126474405", "chr8:126474405", "chr8:126474405", "chr8:126474405", "chr8:126474405", "chr8:126474405", "chr8:126474405", "chr8:126474405", "chr8:126474405", "chr8:126474405", "chr8:126474405", "chr8:126474405", "chr8:126474405", "chr8:126474405", "chr8:126474405", "chr8:126474405", "chr8:126474405", "chr8:126474405", "chr8:126474405", "chr8:126474405", "chr8:126474405", "chr8:126474405", "chr8:126474405", "chr8:126510338", "chr8:126510338", "chr8:126510338", "chr8:126510338", "chr8:126510338", "chr8:126510338", "chr8:126510338", "chr8:126510338", "chr8:126510338", "chr8:126510338", "chr8:126510338", "chr8:126510338", "chr8:126510338", "chr8:126510338", "chr8:126510338", "chr8:126510338", "chr8:126510338", "chr8:126510338", "chr8:126510338", "chr8:126510338", "chr8:126510338", "chr8:126510338", "chr8:126510338", "chr8:126510338", "chr8:126510338", "chr8:126510338", "chr8:126510338", "chr8:126510338", "chr8:126504726", "chr8:126504726", "chr8:126504726", "chr8:126504726", "chr8:126504726", "chr8:126504726", "chr8:126504726", "chr8:126504726", "chr8:126504726", "chr8:126504726", "chr8:126504726", "chr8:126504726", "chr8:126504726", "chr8:126504726", "chr8:126504726", "chr8:126504726", "chr8:126504726", "chr8:126504726", "chr8:126504726", "chr8:126504726", "chr8:126504726", "chr8:126504726", "chr8:126504726", "chr8:126504726", "chr8:126504726", "chr8:126504726", "chr8:126504726", "chr8:126504726", "chr8:126477497", "chr8:126477497", "chr8:126477497", "chr8:126477497", "chr8:126477497", "chr8:126477497", "chr8:126477497", "chr8:126477497", "chr8:126477497", "chr8:126477497", "chr8:126477497", "chr8:126477497", "chr8:126477497", "chr8:126477497", "chr8:126477497", "chr8:126477497", "chr8:126477497", "chr8:126477497", "chr8:126477497", "chr8:126477497", "chr8:126477497", "chr8:126477497", "chr8:126477497", "chr8:126477497", "chr8:126477497", "chr8:126477497", "chr8:126477497", "chr8:126477497", "chr8:126477476", "chr8:126477476", "chr8:126477476", "chr8:126477476", "chr8:126477476", "chr8:126477476", "chr8:126477476", "chr8:126477476", "chr8:126477476", "chr8:126477476", "chr8:126477476", "chr8:126477476", "chr8:126477476", "chr8:126477476", "chr8:126477476", "chr8:126477476", "chr8:126477476", "chr8:126477476", "chr8:126477476", "chr8:126477476", "chr8:126477476", "chr8:126477476", "chr8:126477476", "chr8:126477476", "chr8:126477476", "chr8:126477476", "chr8:126477476", "chr8:126477476", "chr8:126476379", "chr8:126476379", "chr8:126476379", "chr8:126476379", "chr8:126476379", "chr8:126476379", "chr8:126476379", "chr8:126476379", "chr8:126476379", "chr8:126476379", "chr8:126476379", "chr8:126476379", "chr8:126476379", "chr8:126476379", "chr8:126476379", "chr8:126476379", "chr8:126476379", "chr8:126476379", "chr8:126476379", "chr8:126476379", "chr8:126476379", "chr8:126476379", "chr8:126476379", "chr8:126476379", "chr8:126476379", "chr8:126476379", "chr8:126476379", "chr8:126476379", "chr8:126475770", "chr8:126475770", "chr8:126475770", "chr8:126475770", "chr8:126475770", "chr8:126475770", "chr8:126475770", "chr8:126475770", "chr8:126475770", "chr8:126475770", "chr8:126475770", "chr8:126475770", "chr8:126475770", "chr8:126475770", "chr8:126475770", "chr8:126475770", "chr8:126475770", "chr8:126475770", "chr8:126475770", "chr8:126475770", "chr8:126475770", "chr8:126475770", "chr8:126475770", "chr8:126475770", "chr8:126475770", "chr8:126475770", "chr8:126475770", "chr8:126475770", "chr8:126486409", "chr8:126486409", "chr8:126486409", "chr8:126486409", "chr8:126486409", "chr8:126486409", "chr8:126486409", "chr8:126486409", "chr8:126486409", "chr8:126486409", "chr8:126486409", "chr8:126486409", "chr8:126486409", "chr8:126486409", "chr8:126486409", "chr8:126486409", "chr8:126486409", "chr8:126486409", "chr8:126486409", "chr8:126486409", "chr8:126486409", "chr8:126486409", "chr8:126486409", "chr8:126486409", "chr8:126486409", "chr8:126486409", "chr8:126486409", "chr8:126486409"], "corA": ["A-A,G-G", "C-A,T-G", "C-A,T-G", "T-A,C-G", "G-A,A-G", "G-A,T-G", "C-A,T-G", "T-A,C-G", "A-A,G-G", "A-A,G-G", "A-A,G-G", "T-A,C-G", "G-A,A-G", "G-A,A-G", "A-A,G-G", "A-A,G-G", "G-A,C-G", "C-A,T-G", "A-A,G-G", "T-A,C-G", "T-A,G-G", "G-A,A-G", "C-A,T-G", "C-A,T-G", "T-A,C-G", "C-A,G-G", "A-A,G-G", "A-A,G-G", "A-C,G-T", "C-C,T-T", "C-C,T-T", "T-C,C-T", "G-C,A-T", "G-C,T-T", "C-C,T-T", "T-C,C-T", "A-C,G-T", "A-C,G-T", "A-C,G-T", "T-C,C-T", "G-C,A-T", "G-C,A-T", "A-C,G-T", "A-C,G-T", "G-C,C-T", "C-C,T-T", "A-C,G-T", "T-C,C-T", "T-C,G-T", "G-C,A-T", "C-C,T-T", "C-C,T-T", "T-C,C-T", "C-C,G-T", "A-C,G-T", "A-C,G-T", "A-C,G-T", "C-C,T-T", "C-C,T-T", "T-C,C-T", "G-C,A-T", "G-C,T-T", "C-C,T-T", "T-C,C-T", "A-C,G-T", "A-C,G-T", "A-C,G-T", "T-C,C-T", "G-C,A-T", "G-C,A-T", "A-C,G-T", "A-C,G-T", "  -  ,  -  ", "T-C,C-T", "  -  ,  -  ", "T-C,C-T", "  -  ,  -  ", "  -  ,  -  ", "C-C,T-T", "C-C,T-T", "T-C,C-T", "C-C,G-T", "A-C,G-T", "A-C,G-T", "A-T,G-C", "C-T,T-C", "C-T,T-C", "C-C,T-T", "A-C,G-T", "T-C,G-T", "T-C,C-T", "C-C,T-T", "G-C,A-T", "G-C,A-T", "G-C,A-T", "C-C,T-T", "A-C,G-T", "A-C,G-T", "G-C,A-T", "G-C,A-T", "  -  ,  -  ", "C-C,T-T", "  -  ,  -  ", "C-C,T-T", "  -  ,  -  ", "  -  ,  -  ", "T-C,C-T", "T-C,C-T", "C-C,T-T", "G-C,C-T", "G-C,A-T", "G-C,A-T", "A-G,G-A", "C-G,T-A", "C-G,T-A", "C-A,T-G", "A-A,G-G", "T-A,G-G", "T-A,C-G", "C-A,T-G", "G-A,A-G", "G-A,A-G", "G-A,A-G", "C-A,T-G", "A-A,G-G", "A-A,G-G", "G-A,A-G", "G-A,A-G", "  -  ,  -  ", "C-A,T-G", "  -  ,  -  ", "C-A,T-G", "  -  ,  -  ", "  -  ,  -  ", "T-A,C-G", "T-A,C-G", "C-A,T-G", "G-A,C-G", "G-A,A-G", "G-A,A-G", "A-G,G-T", "C-G,T-T", "C-G,T-T", "C-T,T-G", "A-T,G-G", "G-G,T-T", "C-G,T-T", "T-G,C-T", "A-G,G-T", "A-G,G-T", "A-G,G-T", "T-G,C-T", "G-G,A-T", "G-G,A-T", "A-G,G-T", "A-G,G-T", "  -  ,  -  ", "T-G,C-T", "  -  ,  -  ", "T-G,C-T", "  -  ,  -  ", "  -  ,  -  ", "C-G,T-T", "C-G,T-T", "T-G,C-T", "C-G,G-T", "A-G,G-T", "A-G,G-T", "A-C,G-T", "C-C,T-T", "C-C,T-T", "C-T,T-C", "A-T,G-C", "G-C,T-T", "C-C,T-T", "T-C,C-T", "A-C,G-T", "A-C,G-T", "A-C,G-T", "T-C,C-T", "G-C,A-T", "G-C,A-T", "A-C,G-T", "A-C,G-T", "  -  ,  -  ", "T-C,C-T", "  -  ,  -  ", "T-C,C-T", "  -  ,  -  ", "  -  ,  -  ", "C-C,T-T", "C-C,T-T", "T-C,C-T", "C-C,G-T", "A-C,G-T", "A-C,G-T", "A-T,G-C", "C-T,T-C", "C-T,T-C", "C-C,T-T", "A-C,G-T", "G-T,T-C", "C-T,T-C", "C-C,T-T", "G-C,A-T", "G-C,A-T", "G-C,A-T", "C-C,T-T", "A-C,G-T", "A-C,G-T", "G-C,A-T", "G-C,A-T", "  -  ,  -  ", "C-C,T-T", "  -  ,  -  ", "C-C,T-T", "  -  ,  -  ", "  -  ,  -  ", "T-C,C-T", "T-C,C-T", "C-C,T-T", "G-C,C-T", "G-C,A-T", "G-C,A-T", "A-A,G-G", "C-A,T-G", "C-A,T-G", "C-G,T-A", "A-G,G-A", "G-A,T-G", "C-A,T-G", "C-G,T-A", "A-A,G-G", "A-A,G-G", "A-A,G-G", "T-A,C-G", "G-A,A-G", "G-A,A-G", "A-A,G-G", "A-A,G-G", "  -  ,  -  ", "T-A,C-G", "  -  ,  -  ", "T-A,C-G", "  -  ,  -  ", "  -  ,  -  ", "C-A,T-G", "C-A,T-G", "T-A,C-G", "C-A,G-G", "A-A,G-G", "A-A,G-G", "A-A,G-G", "C-A,T-G", "C-A,T-G", "C-G,T-A", "A-G,G-A", "G-A,T-G", "C-A,T-G", "C-G,T-A", "A-A,G-G", "A-A,G-G", "A-A,G-G", "T-A,C-G", "G-A,A-G", "G-A,A-G", "A-A,G-G", "A-A,G-G", "  -  ,  -  ", "T-A,C-G", "  -  ,  -  ", "T-A,C-G", "  -  ,  -  ", "  -  ,  -  ", "C-A,T-G", "C-A,T-G", "T-A,C-G", "C-A,G-G", "A-A,G-G", "A-A,G-G", "A-A,G-G", "C-A,T-G", "C-A,T-G", "C-G,T-A", "A-G,G-A", "G-A,T-G", "C-A,T-G", "C-G,T-A", "A-A,G-G", "A-A,G-G", "A-A,G-G", "T-A,C-G", "G-A,A-G", "G-A,A-G", "A-A,G-G", "A-A,G-G", "  -  ,  -  ", "T-A,C-G", "  -  ,  -  ", "T-A,C-G", "  -  ,  -  ", "  -  ,  -  ", "C-A,T-G", "C-A,T-G", "T-A,C-G", "C-A,G-G", "A-A,G-G", "A-A,G-G", "A-T,G-C", "C-T,T-C", "C-T,T-C", "C-C,T-T", "A-C,G-T", "G-T,T-C", "C-T,T-C", "C-C,T-T", "A-T,G-C", "A-T,G-C", "A-T,G-C", "C-C,T-T", "A-C,G-T", "A-C,G-T", "G-C,A-T", "G-C,A-T", "  -  ,  -  ", "C-C,T-T", "  -  ,  -  ", "C-C,T-T", "  -  ,  -  ", "  -  ,  -  ", "T-C,C-T", "T-C,C-T", "C-C,T-T", "G-C,C-T", "G-C,A-T", "G-C,A-T", "A-G,G-A", "C-G,T-A", "C-G,T-A", "C-A,T-G", "A-A,G-G", "G-G,T-A", "C-G,T-A", "C-A,T-G", "A-G,G-A", "A-G,G-A", "A-G,G-A", "C-A,T-G", "A-A,G-G", "A-A,G-G", "G-A,A-G", "G-A,A-G", "C-A,G-G", "T-A,C-G", "G-A,A-G", "C-A,T-G", "G-A,T-G", "A-A,G-G", "T-A,C-G", "T-A,C-G", "C-A,T-G", "G-A,C-G", "G-A,A-G", "G-A,A-G", "A-G,G-A", "C-G,T-A", "C-G,T-A", "C-A,T-G", "A-A,G-G", "G-G,T-A", "C-G,T-A", "C-A,T-G", "A-G,G-A", "A-G,G-A", "A-G,G-A", "C-A,T-G", "A-A,G-G", "A-A,G-G", "G-A,A-G", "G-A,A-G", "  -  ,  -  ", "C-A,T-G", "  -  ,  -  ", "C-A,T-G", "  -  ,  -  ", "  -  ,  -  ", "T-A,C-G", "T-A,C-G", "C-A,T-G", "G-A,C-G", "G-A,A-G", "G-A,A-G", "A-A,G-G", "C-A,T-G", "C-A,T-G", "C-G,T-A", "A-G,G-A", "G-A,T-G", "C-A,T-G", "C-G,T-A", "A-A,G-G", "A-A,G-G", "A-A,G-G", "C-G,T-A", "A-G,G-A", "A-G,G-A", "A-A,G-G", "A-A,G-G", "  -  ,  -  ", "T-A,C-G", "  -  ,  -  ", "T-A,C-G", "  -  ,  -  ", "  -  ,  -  ", "C-A,T-G", "C-A,T-G", "T-A,C-G", "C-A,G-G", "A-A,G-G", "A-A,G-G", "A-A,G-G", "C-A,T-G", "C-A,T-G", "C-G,T-A", "A-G,G-A", "G-A,T-G", "C-A,T-G", "C-G,T-A", "A-A,G-G", "A-A,G-G", "A-A,G-G", "C-G,T-A", "A-G,G-A", "A-G,G-A", "A-A,G-G", "A-A,G-G", "  -  ,  -  ", "T-A,C-G", "  -  ,  -  ", "T-A,C-G", "  -  ,  -  ", "  -  ,  -  ", "C-A,T-G", "C-A,T-G", "T-A,C-G", "C-A,G-G", "A-A,G-G", "A-A,G-G", "A-G,G-C", "C-G,T-C", "  -  ,  -  ", "  -  ,  -  ", "  -  ,  -  ", "  -  ,  -  ", "  -  ,  -  ", "  -  ,  -  ", "  -  ,  -  ", "  -  ,  -  ", "  -  ,  -  ", "  -  ,  -  ", "A-C,G-G", "  -  ,  -  ", "  -  ,  -  ", "  -  ,  -  ", "C-C,G-G", "T-C,C-G", "G-C,A-G", "  -  ,  -  ", "G-C,T-G", "  -  ,  -  ", "  -  ,  -  ", "T-C,C-G", "C-C,T-G", "G-C,C-G", "G-C,A-G", "G-C,A-G", "A-C,G-T", "C-C,T-T", "C-T,T-C", "C-C,T-T", "A-C,G-T", "G-T,T-C", "C-T,T-C", "C-C,T-T", "A-T,G-C", "A-T,G-C", "A-T,G-C", "C-C,T-T", "A-T,G-C", "A-C,G-T", "A-T,G-C", "A-T,G-C", "C-T,G-C", "C-C,T-T", "A-C,G-T", "  -  ,  -  ", "T-C,G-T", "  -  ,  -  ", "  -  ,  -  ", "C-C,T-T", "T-C,C-T", "C-C,G-T", "A-C,G-T", "A-C,G-T", "A-A,G-G", "C-A,T-G", "  -  ,  -  ", "  -  ,  -  ", "  -  ,  -  ", "  -  ,  -  ", "  -  ,  -  ", "  -  ,  -  ", "  -  ,  -  ", "  -  ,  -  ", "  -  ,  -  ", "  -  ,  -  ", "A-G,G-A", "  -  ,  -  ", "  -  ,  -  ", "  -  ,  -  ", "C-G,G-A", "C-A,T-G", "A-A,G-G", "  -  ,  -  ", "T-A,G-G", "  -  ,  -  ", "  -  ,  -  ", "C-A,T-G", "T-A,C-G", "C-A,G-G", "A-A,G-G", "A-A,G-G", "A-T,G-C", "C-T,T-C", "C-T,T-C", "C-C,T-T", "A-C,G-T", "G-T,T-C", "C-T,T-C", "C-C,T-T", "A-T,G-C", "A-T,G-C", "A-T,G-C", "C-C,T-T", "A-C,G-T", "A-C,G-T", "A-T,G-C", "A-T,G-C", "  -  ,  -  ", "  -  ,  -  ", "  -  ,  -  ", "C-C,T-T", "  -  ,  -  ", "A-C,G-T", "T-C,C-T", "T-C,C-T", "C-C,T-T", "G-C,C-T", "G-C,A-T", "G-C,A-T", "A-T,G-G", "C-T,T-G", "  -  ,  -  ", "  -  ,  -  ", "  -  ,  -  ", "  -  ,  -  ", "  -  ,  -  ", "  -  ,  -  ", "  -  ,  -  ", "  -  ,  -  ", "  -  ,  -  ", "  -  ,  -  ", "A-G,G-T", "  -  ,  -  ", "  -  ,  -  ", "  -  ,  -  ", "C-G,G-T", "C-T,T-G", "A-T,G-G", "  -  ,  -  ", "G-G,T-T", "  -  ,  -  ", "  -  ,  -  ", "T-G,C-T", "C-G,T-T", "G-G,C-T", "G-G,A-T", "G-G,A-T", "A-G,G-A", "C-G,T-A", "  -  ,  -  ", "  -  ,  -  ", "  -  ,  -  ", "  -  ,  -  ", "  -  ,  -  ", "  -  ,  -  ", "  -  ,  -  ", "  -  ,  -  ", "  -  ,  -  ", "  -  ,  -  ", "A-A,G-G", "  -  ,  -  ", "  -  ,  -  ", "  -  ,  -  ", "  -  ,  -  ", "  -  ,  -  ", "  -  ,  -  ", "C-A,T-G", "  -  ,  -  ", "A-A,G-G", "  -  ,  -  ", "T-A,C-G", "C-A,T-G", "G-A,C-G", "G-A,A-G", "G-A,A-G", "A-C,G-T", "C-C,T-T", "C-C,T-T", "C-T,T-C", "A-T,G-C", "G-C,T-T", "C-C,T-T", "C-T,T-C", "A-C,G-T", "A-C,G-T", "A-C,G-T", "C-T,T-C", "A-T,G-C", "A-T,G-C", "A-C,G-T", "A-C,G-T", "  -  ,  -  ", "  -  ,  -  ", "  -  ,  -  ", "C-T,T-C", "  -  ,  -  ", "  -  ,  -  ", "C-C,T-T", "C-C,T-T", "T-C,C-T", "C-C,G-T", "A-C,G-T", "A-C,G-T", "A-C,G-T", "C-C,T-T", "C-C,T-T", "C-T,T-C", "A-T,G-C", "G-C,T-T", "C-C,T-T", "C-T,T-C", "A-C,G-T", "A-C,G-T", "A-C,G-T", "C-T,T-C", "A-T,G-C", "A-T,G-C", "A-C,G-T", "A-C,G-T", "C-T,G-C", "C-C,T-T", "A-C,G-T", "C-T,T-C", "G-T,T-C", "A-T,G-C", "C-C,T-T", "C-C,T-T", "T-C,C-T", "C-C,G-T", "A-C,G-T", "A-C,G-T", "A-T,G-C", "C-T,T-C", "C-T,T-C", "C-C,T-T", "A-C,G-T", "G-T,T-C", "C-T,T-C", "C-C,T-T", "A-T,G-C", "A-T,G-C", "A-T,G-C", "C-C,T-T", "A-C,G-T", "A-C,G-T", "A-T,G-C", "A-T,G-C", "C-C,G-T", "C-T,T-C", "A-T,G-C", "C-C,T-T", "G-C,T-T", "A-C,G-T", "C-T,T-C", "C-T,T-C", "C-C,T-T", "G-C,C-T", "G-C,A-T", "G-C,A-T", "A-C,G-G", "C-C,T-G", "C-C,T-G", "C-G,T-C", "A-G,G-C", "G-C,T-G", "C-C,T-G", "C-G,T-C", "A-C,G-G", "A-C,G-G", "A-C,G-G", "C-G,T-C", "A-G,G-C", "A-G,G-C", "A-C,G-G", "A-C,G-G", "C-G,G-C", "C-C,T-G", "A-C,G-G", "C-G,T-C", "G-G,T-C", "A-G,G-C", "C-C,T-G", "C-C,T-G", "C-G,T-C", "C-C,G-G", "A-C,G-G", "A-C,G-G", "A-A,G-G", "C-A,T-G", "C-A,T-G", "C-G,T-A", "A-G,G-A", "G-A,T-G", "C-A,T-G", "C-G,T-A", "A-A,G-G", "A-A,G-G", "A-A,G-G", "C-G,T-A", "A-G,G-A", "A-G,G-A", "A-A,G-G", "A-A,G-G", "C-G,G-A", "C-A,T-G", "A-A,G-G", "C-G,T-A", "G-G,T-A", "A-G,G-A", "C-A,T-G", "C-A,T-G", "C-G,T-A", "C-A,G-G", "A-A,G-G", "A-A,G-G", "A-A,G-G", "C-A,T-G", "C-A,T-G", "C-G,T-A", "A-G,G-A", "G-A,T-G", "C-A,T-G", "C-G,T-A", "A-A,G-G", "A-A,G-G", "A-A,G-G", "C-G,T-A", "A-G,G-A", "A-G,G-A", "A-A,G-G", "A-A,G-G", "C-G,G-A", "C-A,T-G", "A-A,G-G", "C-G,T-A", "G-G,T-A", "A-G,G-A", "C-A,T-G", "C-A,T-G", "C-G,T-A", "C-A,G-G", "A-A,G-G", "A-A,G-G"], "R2": [1.0, 0.956, 0.162, 0.162, 0.162, 0.162, 0.162, 0.162, 0.165, 0.165, 0.165, 0.165, 0.956, 0.165, 0.163, 0.169, 0.169, 0.184, 0.17, 0.126, 0.144, 0.105, 0.111, 0.956, 0.956, 0.956, 0.952, 0.953, 0.956, 1.0, 0.165, 0.165, 0.165, 0.165, 0.165, 0.165, 0.168, 0.168, 0.168, 0.168, 0.968, 0.168, 0.166, 0.173, 0.174, 0.192, 0.168, 0.127, 0.143, 0.106, 0.106, 0.968, 0.968, 0.968, 0.964, 0.949, 0.162, 0.165, 1.0, 1.0, 1.0, 1.0, 1.0, 1.0, 0.993, 0.993, 0.993, 0.993, 0.161, 0.965, 0.979, 0.891, 0.007, 0.185, 0.008, 0.121, 0.032, 0.0, 0.476, 0.161, 0.161, 0.161, 0.16, 0.173, 0.162, 0.165, 1.0, 1.0, 1.0, 1.0, 1.0, 1.0, 0.993, 0.993, 0.993, 0.993, 0.161, 0.965, 0.979, 0.891, 0.007, 0.185, 0.008, 0.121, 0.032, 0.0, 0.476, 0.161, 0.161, 0.161, 0.16, 0.173, 0.162, 0.165, 1.0, 1.0, 1.0, 1.0, 1.0, 1.0, 0.993, 0.993, 0.993, 0.993, 0.161, 0.965, 0.979, 0.891, 0.007, 0.185, 0.008, 0.121, 0.032, 0.0, 0.476, 0.161, 0.161, 0.161, 0.16, 0.173, 0.162, 0.165, 1.0, 1.0, 1.0, 1.0, 1.0, 1.0, 0.993, 0.993, 0.993, 0.993, 0.161, 0.965, 0.979, 0.891, 0.007, 0.185, 0.008, 0.121, 0.032, 0.0, 0.476, 0.161, 0.161, 0.161, 0.16, 0.173, 0.162, 0.165, 1.0, 1.0, 1.0, 1.0, 1.0, 1.0, 0.993, 0.993, 0.993, 0.993, 0.161, 0.965, 0.979, 0.891, 0.007, 0.185, 0.008, 0.121, 0.032, 0.0, 0.476, 0.161, 0.161, 0.161, 0.16, 0.173, 0.162, 0.165, 1.0, 1.0, 1.0, 1.0, 1.0, 1.0, 0.993, 0.993, 0.993, 0.993, 0.161, 0.965, 0.979, 0.891, 0.007, 0.185, 0.008, 0.121, 0.032, 0.0, 0.476, 0.161, 0.161, 0.161, 0.16, 0.173, 0.165, 0.168, 0.993, 0.993, 0.993, 0.993, 0.993, 0.993, 1.0, 1.0, 1.0, 1.0, 0.164, 0.972, 0.972, 0.884, 0.007, 0.184, 0.007, 0.12, 0.032, 0.0, 0.472, 0.164, 0.164, 0.164, 0.163, 0.171, 0.165, 0.168, 0.993, 0.993, 0.993, 0.993, 0.993, 0.993, 1.0, 1.0, 1.0, 1.0, 0.164, 0.972, 0.972, 0.884, 0.007, 0.184, 0.007, 0.12, 0.032, 0.0, 0.472, 0.164, 0.164, 0.164, 0.163, 0.171, 0.165, 0.168, 0.993, 0.993, 0.993, 0.993, 0.993, 0.993, 1.0, 1.0, 1.0, 1.0, 0.164, 0.972, 0.972, 0.884, 0.007, 0.184, 0.007, 0.12, 0.032, 0.0, 0.472, 0.164, 0.164, 0.164, 0.163, 0.171, 0.165, 0.168, 0.993, 0.993, 0.993, 0.993, 0.993, 0.993, 1.0, 1.0, 1.0, 1.0, 0.164, 0.972, 0.972, 0.884, 0.007, 0.184, 0.007, 0.12, 0.032, 0.0, 0.472, 0.164, 0.164, 0.164, 0.163, 0.171, 0.956, 0.968, 0.161, 0.161, 0.161, 0.161, 0.161, 0.161, 0.164, 0.164, 0.164, 0.164, 1.0, 0.168, 0.162, 0.181, 0.174, 0.195, 0.168, 0.13, 0.16, 0.112, 0.112, 1.0, 1.0, 1.0, 0.996, 0.941, 0.165, 0.168, 0.965, 0.965, 0.965, 0.965, 0.965, 0.965, 0.972, 0.972, 0.972, 0.972, 0.168, 1.0, 0.972, 0.859, 0.006, 0.184, 0.006, 0.12, 0.032, 0.0, 0.472, 0.168, 0.168, 0.168, 0.167, 0.171, 0.163, 0.166, 0.979, 0.979, 0.979, 0.979, 0.979, 0.979, 0.972, 0.972, 0.972, 0.972, 0.162, 0.972, 1.0, 0.871, 0.007, 0.182, 0.007, 0.119, 0.03, 0.0, 0.472, 0.162, 0.162, 0.162, 0.161, 0.174, 0.169, 0.173, 0.891, 0.891, 0.891, 0.891, 0.891, 0.891, 0.884, 0.884, 0.884, 0.884, 0.181, 0.859, 0.871, 1.0, 0.005, 0.136, 0.005, 0.144, 0.029, 0.0, 0.54, 0.181, 0.181, 0.181, 0.18, 0.181, 0.169, 0.174, 0.007, 0.007, 0.007, 0.007, 0.007, 0.007, 0.007, 0.007, 0.007, 0.007, 0.174, 0.006, 0.007, 0.005, 1.0, 0.131, 0.986, 0.001, 0.218, 0.002, 0.01, 0.174, 0.174, 0.174, 0.173, 0.176, 0.184, 0.192, 0.185, 0.185, 0.185, 0.185, 0.185, 0.185, 0.184, 0.184, 0.184, 0.184, 0.195, 0.184, 0.182, 0.136, 0.131, 1.0, 0.126, 0.0, 0.198, 0.055, 0.081, 0.195, 0.195, 0.195, 0.194, 0.193, 0.17, 0.168, 0.008, 0.008, 0.008, 0.008, 0.008, 0.008, 0.007, 0.007, 0.007, 0.007, 0.168, 0.006, 0.007, 0.005, 0.986, 0.126, 1.0, 0.001, 0.211, 0.003, 0.009, 0.168, 0.168, 0.168, 0.167, 0.177, 0.126, 0.127, 0.121, 0.121, 0.121, 0.121, 0.121, 0.121, 0.12, 0.12, 0.12, 0.12, 0.13, 0.12, 0.119, 0.144, 0.001, 0.0, 0.001, 1.0, 0.082, 0.383, 0.267, 0.13, 0.13, 0.13, 0.129, 0.131, 0.144, 0.143, 0.032, 0.032, 0.032, 0.032, 0.032, 0.032, 0.032, 0.032, 0.032, 0.032, 0.16, 0.032, 0.03, 0.029, 0.218, 0.198, 0.211, 0.082, 1.0, 0.021, 0.054, 0.16, 0.16, 0.16, 0.16, 0.147, 0.105, 0.106, 0.0, 0.0, 0.0, 0.0, 0.0, 0.0, 0.0, 0.0, 0.0, 0.0, 0.112, 0.0, 0.0, 0.0, 0.002, 0.055, 0.003, 0.383, 0.021, 1.0, 0.01, 0.112, 0.112, 0.112, 0.111, 0.102, 0.111, 0.106, 0.476, 0.476, 0.476, 0.476, 0.476, 0.476, 0.472, 0.472, 0.472, 0.472, 0.112, 0.472, 0.472, 0.54, 0.01, 0.081, 0.009, 0.267, 0.054, 0.01, 1.0, 0.112, 0.112, 0.112, 0.111, 0.104, 0.956, 0.968, 0.161, 0.161, 0.161, 0.161, 0.161, 0.161, 0.164, 0.164, 0.164, 0.164, 1.0, 0.168, 0.162, 0.181, 0.174, 0.195, 0.168, 0.13, 0.16, 0.112, 0.112, 1.0, 1.0, 1.0, 0.996, 0.941, 0.956, 0.968, 0.161, 0.161, 0.161, 0.161, 0.161, 0.161, 0.164, 0.164, 0.164, 0.164, 1.0, 0.168, 0.162, 0.181, 0.174, 0.195, 0.168, 0.13, 0.16, 0.112, 0.112, 1.0, 1.0, 1.0, 0.996, 0.941, 0.956, 0.968, 0.161, 0.161, 0.161, 0.161, 0.161, 0.161, 0.164, 0.164, 0.164, 0.164, 1.0, 0.168, 0.162, 0.181, 0.174, 0.195, 0.168, 0.13, 0.16, 0.112, 0.112, 1.0, 1.0, 1.0, 0.996, 0.941, 0.952, 0.964, 0.16, 0.16, 0.16, 0.16, 0.16, 0.16, 0.163, 0.163, 0.163, 0.163, 0.996, 0.167, 0.161, 0.18, 0.173, 0.194, 0.167, 0.129, 0.16, 0.111, 0.111, 0.996, 0.996, 0.996, 1.0, 0.937, 0.953, 0.949, 0.173, 0.173, 0.173, 0.173, 0.173, 0.173, 0.171, 0.171, 0.171, 0.171, 0.941, 0.171, 0.174, 0.181, 0.176, 0.193, 0.177, 0.131, 0.147, 0.102, 0.104, 0.941, 0.941, 0.941, 0.937, 1.0], "yA": ["A/G", "C/T", "T/C", "C/T", "A/G", "T/G", "T/C", "C/T", "G/A", "G/A", "G/A", "C/T", "G/A", "A/G", "G/A", "G/A", "C/G", "C/T", "G/A", "C/T", "T/G", "A/G", "T/C", "C/T", "T/C", "C/G", "A/G", "A/G", "A/G", "C/T", "T/C", "C/T", "A/G", "T/G", "T/C", "C/T", "G/A", "G/A", "G/A", "C/T", "G/A", "A/G", "G/A", "G/A", "C/G", "C/T", "G/A", "C/T", "T/G", "A/G", "T/C", "C/T", "T/C", "C/G", "A/G", "A/G", "A/G", "C/T", "T/C", "C/T", "A/G", "T/G", "T/C", "C/T", "G/A", "G/A", "G/A", "C/T", "G/A", "A/G", "G/A", "G/A", "C/G", "C/T", "G/A", "C/T", "T/G", "A/G", "T/C", "C/T", "T/C", "C/G", "A/G", "A/G", "A/G", "C/T", "T/C", "C/T", "A/G", "T/G", "T/C", "C/T", "G/A", "G/A", "G/A", "C/T", "G/A", "A/G", "G/A", "G/A", "C/G", "C/T", "G/A", "C/T", "T/G", "A/G", "T/C", "C/T", "T/C", "C/G", "A/G", "A/G", "A/G", "C/T", "T/C", "C/T", "A/G", "T/G", "T/C", "C/T", "G/A", "G/A", "G/A", "C/T", "G/A", "A/G", "G/A", "G/A", "C/G", "C/T", "G/A", "C/T", "T/G", "A/G", "T/C", "C/T", "T/C", "C/G", "A/G", "A/G", "A/G", "C/T", "T/C", "C/T", "A/G", "T/G", "T/C", "C/T", "G/A", "G/A", "G/A", "C/T", "G/A", "A/G", "G/A", "G/A", "C/G", "C/T", "G/A", "C/T", "T/G", "A/G", "T/C", "C/T", "T/C", "C/G", "A/G", "A/G", "A/G", "C/T", "T/C", "C/T", "A/G", "T/G", "T/C", "C/T", "G/A", "G/A", "G/A", "C/T", "G/A", "A/G", "G/A", "G/A", "C/G", "C/T", "G/A", "C/T", "T/G", "A/G", "T/C", "C/T", "T/C", "C/G", "A/G", "A/G", "A/G", "C/T", "T/C", "